path_to_goal: ['Up', 'Left', 'Left']
cost_of_path: 3
nodes_expanded : 3
search_depth: 3
running_time: 0.00015497207641601562
max_ram_usage: 570.53515625